diff
-0.188
-0.303
0.622
0.096
0.229
-0.261
0.021
0.168
-0.113
0.068
-0.181
0.123
0.096
-0.225
-0.274
-0.032
-0.142
0.196
0.414
-0.059
-0.006
-0.193
0.269
-0.302
0.336
0.704
-0.179
0.19
0.06
0.234
-0.168
-0.228
-0.145
0.462
-0.149
0.103
-0.002
0.094
0.178
-0.009
-0.031
-0.146
-0.332
0.017
0.388
0.211
-0.234
0.261
-0.209
-0.089
0.06
-0.456
0.486
-0.514
-0.132
-0.049
0.267
-0.275
0.073
0.029
0.08
0.109
-0.051
-0.062
0.361
-0.284
0.23
0.317
-0.107
-0.169
0.074
0.485
0.259
-0.267
-0.617
-0.204
0.503
-0.219
0.069
-0.448
0.027
-0.188
-0.276
0.115
0.055
0.04
-0.256
-0.151
0.361
-0.292
0.47
-0.552
0.279
-0.212
-0.086
0.285
0.104
-0.047
-0.197
0.227
-0.173
0.252
0.019
-0.022
0.303
-0.067
0.408
0.275
-0.257
0.22
-0.336
-0.044
-0.07
0.12
0.254
0.184
0.496
0.307
0.232
-0.245
-0.089
-0.339
0.077
-0.455
-0.19
0.267
-0.068
0.293
0.099
-0.29
-0.22
-0.232
0.137
-0.149
0.404
0.32
0.062
0.209
0.063
0.639
0.367
-0.005
-0.213
-0.342
0.064
0.026
-0.252
-0.357
-0.399
0.065
0.145
0.017
0.384
0.369
0.27
0.367
-0.186
-0.351
-0.222
-0.339
-0.595
-0.309
0.141
-0.08
-0.317
0.2
0.405
-0.293
0.166
-0.474
0.152
0.488
-0.277
0.293
0.22
-0.217
0.652
0.112
-0.081
-0.607
0.306
0.125
0.306
-0.081
0.234
0.082
0.08
-0.013
-0.357
0.056
0.228
-0.534
0.107
-0.227
0.501
-0.001
-0.078
0.109
-0.077
0.329
0.027
0.135
0.293
-0.108
0.003
0.128
0.207
-0.048
0.047
0.107
-0.284
-0.354
0.466
0.254
0.044
-0.344
-0.086
0.067
-0.086
-0.377
-0.15
0.06
-0.232
0.112
-0.007
0.618
0.029
0.258
0.057
0.548
-0.06
0.103
-0.133
0.416
-0.133
-0.331
-0.319
-0.498
-0.115
-0.2
0.099
0.125
-0.252
-0.335
-0.048
0.23
0.485
-0.031
-0.03
0.283
0.196
-0.164
0.388
-0.075
0.152
-0.082
0.006
0.485
-0.16
-0.006
-0.106
-0.29
-0.433
0.38
-0.531
-0.006
0.13
0.1
0.396
-0.075
-0.152
0.272
0.253
0.361
-0.181
0.336
-0.322
-0.15
0.355
0.184
0.269
0.124
0.015
0.154
-0.255
-0.507
0.056
0.288
0.267
0.481
0.04
-0.326
-0.097
-0.067
0.503
0.297
-0.189
0.309
0.162
-0.028
-0.179
-0.432
0.125
-0.677
-0.061
-0.176
0.072
-0.53
-0.186
-0.06
-0.387
0.309
0.003
-0.577
-0.138
0.131
-0.069
-0.026
0.393
-0.396
-0.031
-0.48
0.144
0.018
0.301
0.413
0.339
0.512
-0.161
-0.43
0.527
0.33
0.685
-0.233
-0.13
0.07
-0.116
0.059
-0.245
0.389
